171
****** No.0001 ******
000807040
890400000
000005030
307020000
009000100
000050806
050200000
000003019
040508000
****** No.0002 ******
910000000
000103007
000000650
054010006
001070200
800030190
032000000
500608000
000000074
****** No.0003 ******
060020000
000004506
010800000
300000008
709103402
800000009
000001030
904700000
000030020
****** No.0004 ******
000098010
025000000
000000074
050809200
100000005
008107090
510000000
000000960
090260000
****** No.0005 ******
000309006
004000000
007008010
210050070
006070500
070090063
050700300
000000900
800902000
****** No.0006 ******
000009038
006500000
009060000
120000360
000605000
068000097
000040800
000003100
390700000
****** No.0007 ******
085000600
000510004
070000200
000200109
000743000
508006000
003000060
900028000
006000520
****** No.0008 ******
008000040
000068000
903010020
200000083
000359000
630000009
010030605
000570000
080000100
****** No.0009 ******
070030000
006000405
000206000
030070019
800000003
290080070
000804000
901000500
000050020
****** No.0010 ******
530000000
000000046
040070200
090500002
004301900
800006010
006010030
370000000
000000095
****** No.0011 ******
150000600
000007200
000090400
807004005
000826000
600500908
002050000
003600000
001000076
****** No.0012 ******
206004000
000000570
000901400
650070020
000090000
010040065
005309000
067000000
000600908
****** No.0013 ******
900840000
204000870
800060000
000900200
001000400
005001000
000050009
072000601
000087004
****** No.0014 ******
410003060
000809000
500000000
009085001
002070300
800340700
000000002
000408000
060500039
****** No.0015 ******
000004010
070090302
290003000
000070005
003000800
600040000
000900028
301060070
060200000
****** No.0016 ******
100040200
320000000
000750400
070910000
060000040
000025080
002093000
000000094
008060005
****** No.0017 ******
010706000
072000000
000000058
005030029
000050000
930010600
320000000
000000590
000201030
****** No.0018 ******
094000007
070500308
000001000
006070405
000020000
803010900
000100000
109008030
300000540
****** No.0019 ******
000000805
320080000
074000000
000005491
000203000
586900000
000000940
000010076
607000000
****** No.0020 ******
080000020
000298050
301000000
000040009
095000680
200080000
000000403
050376000
010000090
****** No.0021 ******
490000000
000704009
000600030
607040000
108000204
000020607
030009000
700502000
000000041
****** No.0022 ******
000000087
074000100
000360000
050800900
700605001
008004030
000091000
001000290
280000000
****** No.0023 ******
706010300
080000020
000027000
009002080
500000007
030400500
000680000
040000090
007040605
****** No.0024 ******
050203000
000000930
009000050
708020000
201040806
000080204
070000600
096000000
000607080
****** No.0025 ******
000806000
004000000
007090015
000050480
020901070
065030000
150060200
000000800
000708000
****** No.0026 ******
005006010
001000050
090580000
900000026
000903000
760000004
000075080
040000200
010600300
****** No.0027 ******
005000740
000028000
010900020
700006000
204000105
000100003
050007010
000390000
086000900
****** No.0028 ******
540000000
000000602
700014005
003000800
050682090
009000200
400960007
307000000
000000026
****** No.0029 ******
000000039
067001000
000053010
510000000
406090805
000000093
080630000
000200540
940000000
****** No.0030 ******
000080720
051000000
002010003
000002006
008607500
300100000
700090800
000000240
095060000
****** No.0031 ******
090000006
020004070
000509000
803010009
001000200
900050803
000703000
040800020
600000080
****** No.0032 ******
000408000
100000007
704009020
008090004
007030600
400010300
090500806
500000001
000901000
****** No.0033 ******
000508000
700100090
000000810
405020080
009000200
010090705
026000000
090007006
000803000
****** No.0034 ******
500000080
460009000
000160000
801600070
003000900
090008602
000072000
000800065
080000004
****** No.0035 ******
000904000
600000080
501030060
007000900
900512004
005000800
010070305
090000002
000403000
****** No.0036 ******
000600050
000100006
092003070
103000000
800796004
000000608
050200710
400001000
010008000
****** No.0037 ******
040105000
000007240
067000300
000020500
300000008
004060000
003000670
076400000
000906010
****** No.0038 ******
500000030
801064000
000000060
080701900
002000100
004503070
040000000
000850602
060000007
****** No.0039 ******
600080023
103000060
000003000
002000750
000527000
067000100
000600000
020000507
380040009
****** No.0040 ******
000300200
000008701
503001000
930040000
040090080
000080014
000900807
201500000
009006000
****** No.0041 ******
000260008
010000000
000001079
009740000
008000600
000095400
250400000
000000030
800027000
****** No.0042 ******
007000006
200000704
001080000
000304050
010000090
060501000
000020900
304000005
500000200
****** No.0043 ******
400000500
700900800
000030006
040708000
060000020
000402090
500010000
008005009
002000007
****** No.0044 ******
007001005
000096000
043000010
000065000
062000730
000780000
080000120
000970000
700100600
****** No.0045 ******
000000510
029000007
001609000
400010090
000060000
030080002
000502300
200000140
076000000
****** No.0046 ******
052000000
000049005
000020301
030600020
000382000
020007040
901070000
800460000
000000670
****** No.0047 ******
300200000
000007405
207000100
050060030
001080700
070090060
008000507
709400000
000001002
****** No.0048 ******
000000302
000604000
270000005
000060530
002583100
015040000
500000029
000306000
904000000
****** No.0049 ******
000630780
000820000
031000000
000700406
200000001
307009000
000000540
000083000
069075000
****** No.0050 ******
060000800
040000309
000720000
500908000
290000034
000502001
000065000
305000070
009000010
****** No.0051 ******
000600004
000000107
308900000
000040080
010050020
060070000
000002506
904000000
700003000
****** No.0052 ******
000497000
000000680
003000000
200800005
840010029
600003007
000000400
091000000
000235000
****** No.0053 ******
700050006
000000180
600002090
000001620
000308000
094700000
020900004
031000000
400070005
****** No.0054 ******
000702060
000000091
450000000
003080200
007405600
009030700
000000045
820000000
030601000
****** No.0055 ******
000720000
008060091
003000050
400000008
020301070
500000006
070000400
610050200
000096000
****** No.0056 ******
000301004
000070008
620000000
001000530
000906000
054000200
000000019
700080000
300504000
****** No.0057 ******
080000601
090000004
000320000
025000000
000691000
000000870
000048000
600000030
701000050
****** No.0058 ******
410700000
800002000
000000590
107030000
006050400
000040106
039000000
000600007
000001028
****** No.0059 ******
000400370
760000000
000280000
000000162
000305000
419000000
000076000
000000098
051009000
****** No.0060 ******
079000000
080200003
000060004
000609020
001000600
030507000
500040000
200003090
000000180
****** No.0061 ******
470002000
000000056
000030000
001000705
000859000
306000400
000070000
920000000
000500081
****** No.0062 ******
030000006
800000705
000920000
014000000
000857000
000000930
000014000
608000003
500000020
****** No.0063 ******
080017000
000000026
900000000
000600900
014090530
003008000
000000007
850000000
000430010
****** No.0064 ******
000107000
200000500
000000690
000070042
030090010
870050000
095000000
001000003
000608000
****** No.0065 ******
080000007
049000005
000620000
000000920
000103000
075000000
000084000
200000160
300000080
****** No.0066 ******
205000004
000921000
006000007
090000030
000814000
020000060
100000500
000367000
800000906
****** No.0067 ******
700010300
430000000
000200067
000804100
006000500
007902000
250008000
000000089
001070005
****** No.0068 ******
400000908
000302000
180000000
000790680
070040050
023016000
000000047
000805000
706000003
****** No.0069 ******
000400630
000780010
096000000
500000004
300010002
800000009
000000870
010062000
048005000
****** No.0070 ******
000902000
007000000
000000685
030060000
940000027
000080010
158000000
000000900
000304000
****** No.0071 ******
054000000
000000810
000720500
100003009
700402005
200800006
002065000
093000000
000000240
****** No.0072 ******
000000870
060940000
032000000
800005006
000201000
500800003
000000510
000076020
049000000
****** No.0073 ******
000000061
008540000
003020000
560000000
000901000
000000037
000050200
000082400
790000000
****** No.0074 ******
200710000
000000683
050000000
000000902
000458000
106000000
000000050
743000000
000029001
****** No.0075 ******
020051000
080006000
000000907
000000301
900020008
704000000
603000000
000800050
000970040
****** No.0076 ******
017000000
000006004
000023005
000000290
006050100
084000000
300140000
200900000
000000680
****** No.0077 ******
380000000
000900700
000620100
740000000
900010008
000000052
006078000
002005000
000000049
****** No.0078 ******
301000000
000048060
000002050
000000207
000905000
608000000
070300000
040760000
000000801
****** No.0079 ******
000300502
000080009
601000000
000007040
030000010
020500000
000000603
800090000
407006000
****** No.0080 ******
000000308
400002000
000005900
005070060
010080020
030090700
007600000
000100005
908000000
****** No.0081 ******
000790500
120000000
000200840
000000097
000806000
340000000
075002000
000000016
009043000
****** No.0082 ******
000005800
900000700
200041000
040000020
000697000
080000030
000230006
001000004
005800000
****** No.0083 ******
000000310
900004000
700028000
024000000
030010080
000000750
000370006
000900002
058000000
****** No.0084 ******
000042000
070000800
015009000
600005000
200608003
000900001
000800960
004000050
000370000
****** No.0085 ******
000009002
000068003
041000000
000000160
080050040
029000000
000000870
500320000
600400000
****** No.0086 ******
000014050
002700080
003000006
600020003
000905000
700040002
200000700
040001900
010860000
****** No.0087 ******
000000800
003079100
520000000
000001059
000603000
840200000
000000062
007410300
009000000
****** No.0088 ******
062300000
000000107
800400000
493000000
000010000
000000865
000002003
507000000
000008490
****** No.0089 ******
830060000
100000490
200500000
000208050
003000700
050103000
000009005
047000001
000030076
****** No.0090 ******
000200700
000600100
950000000
000080003
430000059
500070000
000000064
008001000
002003000
****** No.0091 ******
000160000
053000000
008000090
000008007
290000065
600400000
070000400
000000120
000053000
****** No.0092 ******
000501000
005000870
200090040
000000603
000847000
908000000
010060009
056000400
000302000
****** No.0093 ******
000000506
030700008
020040000
000801003
005000100
700902000
000010040
600003070
908000000
****** No.0094 ******
000800056
210003000
000007000
008060000
009000100
000040300
000900000
000500048
730002000
****** No.0095 ******
704000000
000000560
052809000
000010047
006020300
510030000
000607280
098000000
000000103
****** No.0096 ******
062000000
000009003
000008004
074050000
010000060
000030920
900200000
500700000
000000810
****** No.0097 ******
005000800
000400500
100200070
060030090
370000025
080090010
090007006
004005000
003000900
****** No.0098 ******
010000307
000024000
050000900
430000000
000967000
000000081
002000060
000580000
907000040
****** No.0099 ******
000000015
608400000
000003007
005070000
010000020
000090400
300600000
000008903
420000000
****** No.0100 ******
000609500
000000270
018700000
300010005
900050004
600020008
000008610
057000000
006304000
****** No.0101 ******
800000093
706000000
000120000
014000000
000937000
000000250
000076000
000000408
350000001
****** No.0102 ******
000560000
710030000
030000209
000308050
006000400
090607000
204000030
000020081
000059000
****** No.0103 ******
000079600
410000000
000002800
830000000
900050001
000000074
002300000
000000095
007180000
****** No.0104 ******
024600000
050700000
000000013
000050600
300000009
001080000
960000000
000001080
000004270
****** No.0105 ******
084000006
000370000
020000009
000000208
000501000
406000000
700000010
000048000
500000930
****** No.0106 ******
000670000
200000590
100000080
000010320
010903040
078040000
030000004
096000001
000085000
****** No.0107 ******
016000000
000007058
090300000
700040000
002000600
000090001
000005030
430800000
000000270
****** No.0108 ******
000072000
015000000
028000039
000000678
000901000
483000000
960000180
000000240
000850000
****** No.0109 ******
000005804
901200000
000007000
050020000
040000060
000030090
000100000
000003705
302900000
****** No.0110 ******
300000500
000824000
600000740
010030090
000605000
040070020
068000003
000291000
007000004
****** No.0111 ******
050040000
097000600
000003100
200008000
300000005
000700009
006900000
001000830
000020040
****** No.0112 ******
032000000
000700190
040050000
100000004
000208000
600000003
000090020
058004000
000000670
****** No.0113 ******
470000000
000030200
000500109
000106000
080000070
000209000
309002000
006040000
000000085
****** No.0114 ******
000594000
006000030
007000019
908000002
000836000
500000804
380000500
010000600
000723000
****** No.0115 ******
407000000
003020000
000600109
050000070
000408000
090000030
802003000
000010400
000000605
****** No.0116 ******
000800004
092000000
000750003
000000580
007020900
036000000
100039000
000000670
500004000
****** No.0117 ******
001005000
000008007
002600009
040200060
070030020
080009010
500001800
600700000
000900400
****** No.0118 ******
260000040
000807000
100000090
400020800
007000500
003060004
040000006
000501000
090000073
****** No.0119 ******
001000090
000040030
806000000
507006000
000901000
000700208
000000701
040030000
020000500
****** No.0120 ******
507000000
900020000
000000608
000806070
040000050
020103000
801000000
000090002
000000304
****** No.0121 ******
000685000
700000620
300000040
006000501
000143000
108000900
020000003
014000006
000794000
****** No.0122 ******
400130000
100900000
000000580
083000000
000206000
000000170
059000000
000007006
000048003
****** No.0123 ******
000200780
900060000
500000400
000000520
000701000
043000000
007000003
000090006
018004000
****** No.0124 ******
000320000
007000004
689000000
000407021
030000060
450801000
000000817
100000300
000059000
****** No.0125 ******
090000800
450000000
000670300
380100000
000902000
000004051
002041000
000000069
007000020
****** No.0126 ******
000000309
071000000
060084000
300200000
500000008
000009007
000560020
000000510
804000000
****** No.0127 ******
047000000
000209000
006000108
890060000
001030900
000010045
104000300
000705000
000000620
****** No.0128 ******
000600090
703000000
000100540
020050000
800000007
000090060
056003000
000000108
040002000
****** No.0129 ******
000804000
023000000
000000670
506030000
900000008
000010904
047000000
000000150
000602000
****** No.0130 ******
000120500
048000003
000000009
000400070
050080060
090003000
700000000
600000120
003058000
****** No.0131 ******
720000000
000004600
000001308
000060400
090000020
005080000
603700000
008500000
000000091
****** No.0132 ******
000000506
010008000
090002000
000060108
005000400
302070000
000500030
000100090
204000000
****** No.0133 ******
300000060
000870000
900000510
000600000
507000903
000002000
049000002
000051000
020000008
****** No.0134 ******
000007040
609000000
000098020
005000900
000432000
007000800
030150000
000000705
020600000
****** No.0135 ******
000300025
000014000
008000007
000000180
040209030
076000000
500000300
000760000
490005000
****** No.0136 ******
300400000
050600100
200000700
670080000
010000030
000050069
004000005
008009010
000003002
****** No.0137 ******
000410030
200500000
000000906
000000850
010030040
079000000
508000000
000002001
030076000
****** No.0138 ******
000025000
070006030
600000090
004700000
708000503
000001200
030000006
090600070
000840000
****** No.0139 ******
000040090
803000000
000960050
401000000
000203000
000000708
060054000
000000102
070090000
****** No.0140 ******
000601000
083000009
002000004
097030000
000020000
000050380
500000100
800000620
000704000
****** No.0141 ******
807000000
000100920
000064000
630000000
050201040
000000058
000590000
014006000
000000607
****** No.0142 ******
907000030
000001080
000004020
200090000
500000004
000060001
030700000
060800000
010000509
****** No.0143 ******
000080570
000370100
030000900
000019004
100000006
700230000
002000080
009053000
054060000
****** No.0144 ******
000001803
409000000
005007000
020090000
060000050
000030040
000600100
000000702
501800000
****** No.0145 ******
080046000
005002000
000000790
600000004
000185000
300000002
029000000
000800100
000730040
****** No.0146 ******
000640009
730000000
000000018
008901000
009000500
000206300
540000000
000000062
100072000
****** No.0147 ******
000006003
090075000
020000004
005000600
000291000
007000800
300000010
000860070
400900000
****** No.0148 ******
504000020
000760010
300000080
106000000
000502000
000000703
070000008
080014000
030000906
****** No.0149 ******
042006000
000070003
500000008
019000000
000504000
000000260
300000004
800010000
000200970
****** No.0150 ******
000000095
080700000
010230000
009000460
000806000
045000700
000012030
000009020
460000000
****** No.0151 ******
018000000
000073006
000040009
000000310
000802000
095000000
400030000
700460000
000000520
****** No.0152 ******
009000007
007000016
000082000
000007000
014000830
000500000
000930000
280000100
500000400
****** No.0153 ******
061000000
000003005
000078004
000000170
008090600
025000000
700650000
300200000
000000980
****** No.0154 ******
080000400
260008000
000051000
000000702
000863000
904000000
000970000
000400036
001000050
****** No.0155 ******
003000570
008000060
000021000
060300004
000509000
700006020
000640000
010000300
025000800
****** No.0156 ******
080600000
710000000
000200005
000080470
005090600
093010000
200004000
000000083
000007010
****** No.0157 ******
900000070
300600000
000800510
000050890
000030000
024010000
056004000
000007003
010000002
****** No.0158 ******
426000000
000700900
000100080
000060025
300000004
910080000
080005000
007004000
000000213
****** No.0159 ******
000032000
690000070
000000840
501600000
000408000
000003207
073000000
010000065
000190000
****** No.0160 ******
006001004
000820000
007000003
000004006
010000070
900500000
800000200
000036000
500100900
****** No.0161 ******
040000016
000809000
020000000
800070900
005010200
003060005
000000040
000305000
710000080
****** No.0162 ******
700000080
000103090
600000020
004020003
000050000
100060700
050000002
080709000
030000004
****** No.0163 ******
204000000
000800970
600010000
090700200
010000080
007005030
000060002
053009000
000000104
****** No.0164 ******
230900000
000000140
000060070
000000806
000305000
709000000
060070000
018000000
000004052
****** No.0165 ******
000000020
000408000
035000090
000060708
700000004
108030000
060000150
000702000
090000000
****** No.0166 ******
000007600
050008000
203000100
900000005
000426000
700000008
006000207
000900040
001300000
****** No.0167 ******
004702000
000003009
003000001
080000030
000519000
020000060
600000200
500300000
000804700
****** No.0168 ******
900070000
000000350
800160000
034000000
000205000
000000910
000089006
017000000
000030004
****** No.0169 ******
005003000
000000691
700004000
010080000
620000075
000090040
000600002
948000000
000500300
****** No.0170 ******
307000000
004000005
000809000
000030240
020070080
069010000
000405000
100000700
000000609
****** No.0171 ******
002006000
060008090
507000030
000920001
300000004
600054000
040000802
090700050
000100600
