232
****** No.0001 ******
030009000
000000407
090170308
000380001
005000200
300067000
602053080
704000000
000600010
****** No.0002 ******
000270000
000080052
620000408
004900005
005000700
200003900
308000016
760010000
000048000
****** No.0003 ******
080000976
000508000
200900500
003010000
047000190
000080600
009006005
000703000
621000030
****** No.0004 ******
030090000
710004000
000160305
000000108
400309002
506000000
309081000
000700049
000040010
****** No.0005 ******
800409000
050100020
100000740
000070500
306000407
005080000
017000006
060003090
000206005
****** No.0006 ******
000067300
027130000
010000600
000800002
500020008
300005000
004000090
000096840
006780000
****** No.0007 ******
000000026
043000000
000731050
680000090
000576000
070000042
020159000
000000960
830000000
****** No.0008 ******
805000020
400109000
020300040
000060300
904000205
006010000
040003090
000208007
070000502
****** No.0009 ******
000050009
870400600
000007001
002801000
903000508
000905200
400700000
001008094
200040000
****** No.0010 ******
030000000
090705600
000600700
410090080
005080100
060010092
006002000
004109060
000000030
****** No.0011 ******
504000000
000870050
900005040
402010090
000906000
050030607
090100008
030048000
000000201
****** No.0012 ******
000200004
020604500
500000008
009060400
206030109
008070200
800000003
007308040
600001000
****** No.0013 ******
001003000
000006053
000205090
680000040
000728000
010000032
020607000
390400000
000800700
****** No.0014 ******
023000000
007540300
000000084
500721000
060000040
000469007
250000000
006034900
000000820
****** No.0015 ******
002000050
000039070
005007014
006000509
000060000
801000400
510800700
060140000
090000600
****** No.0016 ******
006003000
403060000
000009016
080000070
050134060
020000050
740500000
000080405
000900600
****** No.0017 ******
000000902
034050700
000010000
850700230
000605000
063002057
000080000
002070310
905000000
****** No.0018 ******
000600003
000540900
085000070
027009060
000408000
040200180
090000820
008064000
600001000
****** No.0019 ******
000470000
009000824
006080003
050000490
000249000
097000080
100090200
365000700
000065000
****** No.0020 ******
000072400
400000060
700409800
054000030
000607000
080000910
003704008
070000009
009310000
****** No.0021 ******
000000013
004603700
008200000
060020051
005030800
310050070
000002600
001507400
270000000
****** No.0022 ******
007002060
000950000
500000980
004301000
320000079
000507600
073000001
000036000
080100700
****** No.0023 ******
900082100
500000090
600309070
040060000
090000030
000050080
020807001
060000007
001430009
****** No.0024 ******
000037980
000009602
050000000
800000001
107060508
200000006
000000030
302500000
046180000
****** No.0025 ******
040900001
060008703
000500000
000000908
090854030
208000000
000006000
807200040
400003080
****** No.0026 ******
030000800
000926000
090000605
400637000
700000003
000489001
301000020
000751000
008000010
****** No.0027 ******
000050900
080100000
000309560
370000006
006497200
200000057
028503000
000004070
009010000
****** No.0028 ******
000540010
730009000
000080507
096000050
000925000
070000920
308090000
000800076
050062000
****** No.0029 ******
500000030
060430080
700200000
006008502
000901000
307600900
000006004
010024070
040000005
****** No.0030 ******
000204000
630000090
500080730
724000000
000090000
000000841
053070009
010000076
000501000
****** No.0031 ******
000000570
300950000
800300004
069007800
000020000
008600940
700006009
000035001
082000000
****** No.0032 ******
000040780
306200000
000183000
010000048
000805000
570000020
000476000
000008109
062030000
****** No.0033 ******
000003006
040000007
070106904
009300000
005040100
000001200
301807040
900000030
800900000
****** No.0034 ******
070600008
030004007
000100260
005030000
807000304
000090600
096005000
400300020
200008050
****** No.0035 ******
000100400
740000000
000430860
400070050
108000709
090020006
075048000
000000072
006003000
****** No.0036 ******
000520019
000900008
203000040
900000780
000080000
025000006
060000901
400003000
350012000
****** No.0037 ******
201000000
006302000
070100508
093070000
600080009
000020650
102005040
000807200
000000106
****** No.0038 ******
804009000
000030008
020000304
040190000
050702030
000058090
201000080
700020000
000800603
****** No.0039 ******
000068007
207000000
000104023
060000038
000806000
490000010
130905000
000000905
900420000
****** No.0040 ******
005003000
300000052
001065000
006030010
820000073
030090200
000310900
940000006
000400800
****** No.0041 ******
000100530
070000600
000260000
840003090
200709001
090400058
000096000
005000080
064001000
****** No.0042 ******
000000605
060703000
047005000
050040009
004020500
800070060
000600180
000107030
709000000
****** No.0043 ******
000000060
000405090
497001000
905070800
001000600
008020107
000800246
030904000
080000000
****** No.0044 ******
000000904
005070001
703009000
060002008
081000750
300500010
000400206
800090100
402000000
****** No.0045 ******
060000079
000072030
409000000
900608050
006000400
030504006
000000703
020390000
310000080
****** No.0046 ******
070608000
000000970
026000010
700080020
001030400
080020009
010000380
062000000
000504060
****** No.0047 ******
102007000
000000030
006345000
050000307
700802005
209000060
000259400
080000000
000600503
****** No.0048 ******
080030406
270400000
000000528
050802000
004000600
000104080
427000000
000001064
103040090
****** No.0049 ******
090103000
000000006
080009025
706030000
004010200
000020609
870300090
500000000
000805070
****** No.0050 ******
000000690
000508100
075000004
000030908
010090060
309070000
600000420
002106000
057000000
****** No.0051 ******
015000000
040628010
000100008
050000730
000217000
024000080
600009000
090841020
000000350
****** No.0052 ******
005000070
400070090
000490300
030900007
106000902
900008060
009021000
070030006
020000100
****** No.0053 ******
240007000
000000038
009603000
900020750
000070000
076030004
000901800
850000000
000700023
****** No.0054 ******
000902000
003000040
805040070
406200080
000010000
080003904
090020105
050000800
000608000
****** No.0055 ******
500000080
408600700
000053000
005000900
900432008
007000400
000910000
004007305
020000006
****** No.0056 ******
060000058
000062000
900800400
001000603
000521000
408000200
007004002
000750000
530000090
****** No.0057 ******
000090008
073000900
000680004
002506000
607000103
000403700
900064000
004000890
100050000
****** No.0058 ******
053000000
000009807
007460000
100000720
500824001
034000005
000082100
906700000
000000490
****** No.0059 ******
004000105
000710030
000009704
062000010
000903000
090000360
609400000
010058000
807000500
****** No.0060 ******
000005004
035000000
000004607
047010030
050090080
080070460
708100000
000000890
900300000
****** No.0061 ******
000031600
730080100
000602000
060000054
050040080
380000090
000907000
005010043
002350000
****** No.0062 ******
000000013
400893000
500000080
000380900
802000305
006047000
020000008
000256007
730000000
****** No.0063 ******
400305000
000006020
301200050
006070000
807000904
000060200
020003805
030900000
000807009
****** No.0064 ******
030000659
040000000
000390700
070000206
000426000
806000090
007081000
000000070
469000030
****** No.0065 ******
000900500
020400800
100000007
030250108
060000020
902016030
500000001
003005080
007003000
****** No.0066 ******
007021000
005000200
001000048
600803000
040207090
000906005
390000700
006000500
000390800
****** No.0067 ******
000710300
000000604
102030800
000900070
030107040
070005000
008070106
907000000
006053000
****** No.0068 ******
080093000
030008005
000020600
009000107
000749000
206000300
007050000
500300090
000180050
****** No.0069 ******
006029000
000000260
350600000
000800601
600704009
108006000
000001097
035000000
000570400
****** No.0070 ******
000000610
278600000
000025090
800000043
005402700
630000005
060850000
000007386
081000000
****** No.0071 ******
209000000
000000509
080304010
060800350
000010000
091005060
030706080
107000000
000000904
****** No.0072 ******
000950000
030060402
080000009
070091600
008000700
005830040
600000030
703010060
000026000
****** No.0073 ******
400000090
002407000
003001050
000050008
760090023
100070000
010800600
000706300
090000007
****** No.0074 ******
100000390
002140000
500000042
003068000
820000036
000730900
750000009
000027400
098000003
****** No.0075 ******
000015000
085000900
000030004
018007040
050080070
090100630
200070000
004000860
000640000
****** No.0076 ******
000053000
090600003
630008010
007100000
905000704
000007200
080700039
100009050
000310000
****** No.0077 ******
907000001
000930700
080000200
000506019
040000060
690403000
003000020
009028000
800000504
****** No.0078 ******
000000087
000024010
271000000
000302070
080040020
040509000
000000865
020810000
360000000
****** No.0079 ******
305002000
004000082
000014003
030000020
000897000
040000070
400930000
120000800
000200509
****** No.0080 ******
003000087
206050003
000900200
100630004
070000090
600049001
001006000
800070105
730000800
****** No.0081 ******
000030006
503000040
000574020
080050070
040706010
070010030
030295000
060000901
400060000
****** No.0082 ******
500000380
000860000
400007900
020400000
070916050
000002030
006700009
000041000
087000006
****** No.0083 ******
000002050
153000000
000050061
007601000
890000076
000709800
320060000
000000932
040500000
****** No.0084 ******
000100600
060030100
050900003
530000200
000495000
009000058
900008070
001020080
006004000
****** No.0085 ******
060000310
000803000
013000004
000180502
900050006
506027000
100000630
000608000
094000080
****** No.0086 ******
001098020
000000070
009601000
700000109
090817060
108000007
000403600
050000000
060950300
****** No.0087 ******
400058000
007000040
300109020
094007030
000403000
030600780
040906002
070000600
000820009
****** No.0088 ******
240000030
000306000
060000085
000680500
106000704
005027000
820000070
000409000
070000059
****** No.0089 ******
063000001
000104000
000260800
690000007
001080500
700000092
008095000
000702000
400000670
****** No.0090 ******
030000680
000700000
000200104
409030000
302060509
000090208
706005000
000001000
095000060
****** No.0091 ******
040000200
100460000
092003040
500000004
000381000
300000007
050900730
000018005
009000010
****** No.0092 ******
000008070
005200000
001709050
470060000
600070008
000080069
030801200
000005900
060400000
****** No.0093 ******
020000503
000207000
906000002
340050700
060070030
008010054
700000805
000609000
603000010
****** No.0094 ******
006002070
000070030
704009000
000280600
350000048
008093000
000600805
010040000
020900400
****** No.0095 ******
010000062
000018000
054003000
000000094
509070601
760000000
000500140
000980000
630000070
****** No.0096 ******
000097010
086000000
000060032
050000601
000435000
402000090
690040000
000000450
020380000
****** No.0097 ******
306004050
004007000
000060908
030000060
000145000
020000010
103020000
000500100
040900502
****** No.0098 ******
800207500
000910020
700000100
072000004
000403000
400000850
009000003
080069000
007502009
****** No.0099 ******
000408000
108000027
002009008
003000062
000050000
960000700
700300500
290000603
000704000
****** No.0100 ******
006008004
000907000
008000025
650000040
000369000
070000031
540000300
000706000
300500200
****** No.0101 ******
000003500
805900003
900000400
009060030
070010040
010070800
004000006
200001309
007500000
****** No.0102 ******
080070000
000800907
090050020
700003001
006905300
200400009
030090060
605004000
000030010
****** No.0103 ******
000800000
700600409
200030600
000010056
020090010
870050000
003060004
107002005
000009000
****** No.0104 ******
000400005
061200800
040000290
000780001
250000063
100026000
017000050
006008170
900007000
****** No.0105 ******
100530000
409000700
000000804
035020080
000308000
060050430
507000000
003000609
000049005
****** No.0106 ******
000000049
509008000
000730008
406000307
000907000
908000601
300021000
000500203
610000000
****** No.0107 ******
000560000
000004190
431000000
010095003
200000007
500320040
000000729
098100000
000046000
****** No.0108 ******
020000000
830000504
000814200
000000806
060301040
504000000
009276000
305000028
000000010
****** No.0109 ******
000002460
080005000
007000010
201050600
300070008
008030207
040000900
000600080
053900000
****** No.0110 ******
000071000
500000901
408650000
020000050
000865000
070000030
000037106
109000003
000510000
****** No.0111 ******
000900400
008500000
090000516
510070000
060010090
000050067
629000030
000007900
005008000
****** No.0112 ******
004203000
305008004
000000060
702060300
400000005
008050406
010000000
800100702
000504800
****** No.0113 ******
001060000
000000046
659000301
000758000
500000009
000349000
907000532
260000000
000010800
****** No.0114 ******
720004000
000000120
000650000
607000009
205907601
100000205
000081000
079000000
000300087
****** No.0115 ******
000010804
309000000
000405003
070950030
020030010
060071050
600108000
000000901
102090000
****** No.0116 ******
000000067
068705000
030001000
000080206
005060300
106090000
000200080
000804190
480000000
****** No.0117 ******
106000000
000500230
000030090
912005068
000801000
780300159
040070000
097003000
000000604
****** No.0118 ******
000000806
209008000
007521000
020000008
000346000
900000010
000864500
000700601
304000000
****** No.0119 ******
000005800
580000102
000009400
090000047
000234000
210000030
001700000
807000065
009800000
****** No.0120 ******
059000000
000001004
000085003
025000067
000576000
670000430
900350000
100900000
000000820
****** No.0121 ******
000200070
500007900
906080002
000000130
100806004
092000000
600090705
008400009
010005000
****** No.0122 ******
200600000
030000600
700200901
002087050
090000080
040590300
301005004
005000060
000008002
****** No.0123 ******
030000601
000400009
070900803
090030005
001000200
800010070
204007030
900005000
503000010
****** No.0124 ******
380060000
105000904
600040000
000300570
000807000
097006000
000080006
401000302
000020051
****** No.0125 ******
000700800
000108400
160000003
600090300
805000906
009040005
500000089
001602000
007001000
****** No.0126 ******
180000000
000961080
500000026
007050000
940030067
000040200
860000001
010895000
000000039
****** No.0127 ******
000054000
801000604
004000008
000075010
070309060
090460000
600000300
302000509
000190000
****** No.0128 ******
100000090
500300400
000201006
050040200
070010040
008030010
300805000
007003008
090000007
****** No.0129 ******
064000000
000089005
800100003
080705030
002000500
090306080
400008007
100250000
000000390
****** No.0130 ******
006093000
000000025
270080000
007000400
900724008
005000700
000060039
860000000
000910200
****** No.0131 ******
000903002
000000003
095400600
040080001
080070050
600030070
002006790
500000000
100305000
****** No.0132 ******
020000006
060700804
000540000
056000470
000090000
094000210
000012000
308004020
500000080
****** No.0133 ******
010000400
020800601
000300005
100090500
703000802
009020004
600009000
804001050
007000040
****** No.0134 ******
000000802
038010000
010200900
080050009
094060580
100090020
009007060
000020430
405000000
****** No.0135 ******
700000400
000320007
400006300
046700091
000908000
810005720
002500004
900083000
004000009
****** No.0136 ******
906008700
100000904
000500000
020090400
070030060
009060070
000004000
403000002
008300605
****** No.0137 ******
003000090
004002070
000360000
080704305
400000008
205803040
000086000
050100200
020000700
****** No.0138 ******
002070060
805000002
000025030
090704000
500000009
000109070
040560000
900000308
070090400
****** No.0139 ******
005000007
002807605
008200000
000030060
090020040
030080000
000008100
209604700
700000900
****** No.0140 ******
006000007
081000900
000053000
043000260
000145000
058000410
000810000
007000620
400000500
****** No.0141 ******
370000020
002000400
000160700
910000070
000819000
020000015
001037000
004000800
060000097
****** No.0142 ******
040060100
000300490
053000000
060805040
900000006
070406080
000000910
021004000
007020030
****** No.0143 ******
000701000
090008050
320090000
001060000
206010907
000030200
000070086
050400020
000103000
****** No.0144 ******
003041000
800000003
019030800
000004002
082000570
500900000
007020950
300000008
000750600
****** No.0145 ******
000283000
010090600
040000200
000710004
800000001
600025000
009000010
002040080
000376000
****** No.0146 ******
000000300
900346000
240008000
460000090
000207000
010000068
000500049
000632005
007000000
****** No.0147 ******
000300082
006200000
047600100
760000000
500173008
000000091
009001840
000009500
130004000
****** No.0148 ******
000071000
002000408
014000006
043500000
500906007
000003940
400000890
208000700
000350000
****** No.0149 ******
006300070
053000000
800140000
000405003
400603002
700908000
000062007
000000190
080001400
****** No.0150 ******
000793100
000000064
800000020
004000810
000512000
013000900
060000001
570000000
009238000
****** No.0151 ******
009000306
340000500
050210000
000902007
003000800
200507000
000046010
001000093
708000600
****** No.0152 ******
032000000
010000006
000805007
007049500
008010200
009560300
500307000
200000090
000000840
****** No.0153 ******
000036004
071000000
000009805
005000180
000287000
096000700
207800000
000000690
300640000
****** No.0154 ******
000000732
061704000
000008000
800070020
200050004
030010009
000600000
000203580
793000000
****** No.0155 ******
371000000
000000085
000604000
706030000
094070130
000090207
000108000
250000000
000000369
****** No.0156 ******
000000103
500000900
000084060
000607080
039408720
010903000
080530000
007000006
204000000
****** No.0157 ******
000703500
409008000
000010068
015080000
000090000
000060720
780040000
000800301
006205000
****** No.0158 ******
050000600
090000018
000173000
000000421
800020009
726000000
000469000
360000050
008000070
****** No.0159 ******
000197000
006000040
003008050
100900002
000586000
700001009
040800700
080000600
000423000
****** No.0160 ******
000007090
006003000
054100080
100080006
500060003
700090002
020008740
000500100
080400000
****** No.0161 ******
000002800
500003600
940070000
080000036
000526000
610000040
000090017
003700002
004100000
****** No.0162 ******
480000000
000760000
090000032
007020800
600391007
005040600
360000090
000052000
000000041
****** No.0163 ******
600000200
000003710
907008000
000020807
070060090
204050000
000100306
023700000
005000004
****** No.0164 ******
600007090
000309040
800000020
004090030
001020800
080050700
020000001
070806000
050400003
****** No.0165 ******
001009037
002005000
004600000
000046002
300080006
700590000
000002900
000100800
560900400
****** No.0166 ******
100600800
400000230
000380700
080000040
000537000
090000010
005071000
046000009
001002008
****** No.0167 ******
050307000
106000200
000020450
000000098
000251000
370000000
092010000
005000106
000408020
****** No.0168 ******
090000003
000106700
000002085
000050106
002070900
603040000
470300000
001809000
500000020
****** No.0169 ******
000000210
736000000
000590000
900000126
000428000
523000007
000073000
000000451
081000000
****** No.0170 ******
000400510
000093000
200000086
000005702
000186000
409200000
530000004
000570000
068004000
****** No.0171 ******
900600140
603000800
000023900
850000000
000147000
000000096
006850000
004000602
037001009
****** No.0172 ******
007500102
600000800
000304000
079050000
040891030
000020960
000706000
005000009
108005200
****** No.0173 ******
000023000
370000890
050000007
800450030
100000009
030087006
200000010
093000045
000960000
****** No.0174 ******
304000000
200008100
000607000
063080070
020040030
050010290
000302000
009800004
000000508
****** No.0175 ******
600029000
000008502
300000100
096050000
020030040
000010670
004000008
107200000
000670003
****** No.0176 ******
063000200
000006108
000790000
900000870
000281000
048000005
000054000
702300000
004000630
****** No.0177 ******
000000062
080405000
091730000
803010000
000070000
000020509
000057480
000306010
720000000
****** No.0178 ******
300004070
908001000
000006020
097000600
000239000
001000590
060400000
000700301
050800009
****** No.0179 ******
000062008
010000007
350700020
002000600
000814000
009000300
070006049
800000050
900370000
****** No.0180 ******
005098000
020000703
060004500
300000009
000146000
800000002
007400010
209000040
000530200
****** No.0181 ******
000000068
000501000
732600000
000060790
004030200
059080000
000006453
000709000
810000000
****** No.0182 ******
002600040
000000610
000037020
400070002
000965000
800040003
030180000
069000000
050006700
****** No.0183 ******
000800340
000060050
708000000
400907600
200050001
005301008
000000902
060010000
053006000
****** No.0184 ******
000000987
000031000
024700000
690800000
400050002
000007031
000009270
000640000
815000000
****** No.0185 ******
000371000
067000900
020000870
000009005
300040006
700800000
039000040
005000610
000682000
****** No.0186 ******
190000200
030006007
000240000
008000190
000593000
054000600
000087000
600100050
007000029
****** No.0187 ******
050000004
060000730
000123000
000030108
400060005
907040000
000784000
083000090
100000020
****** No.0188 ******
000460000
080000730
190500000
602000000
050379020
000000508
000003014
075000090
000082000
****** No.0189 ******
004003702
000964000
890000000
000000530
000219000
047000000
000000061
000851000
302700400
****** No.0190 ******
403009000
007001000
000006024
920000050
004050100
050000038
170400000
000200600
000800509
****** No.0191 ******
000056000
430000007
900000028
005860100
009000700
002093400
860000001
200000059
000710000
****** No.0192 ******
000904000
076000000
000300810
700069002
103050904
900830006
085003000
000000360
000702000
****** No.0193 ******
005007000
000051030
098000005
100060002
000845000
600030009
500000640
020370000
000500700
****** No.0194 ******
400000500
000702000
108004030
030010200
020040060
007090080
050400307
000605000
009000004
****** No.0195 ******
980000000
500010020
000703000
006020500
097080140
001090300
000401000
040070008
000000065
****** No.0196 ******
020000004
000002809
010306000
704050000
090080040
000020103
000407020
509200000
300000060
****** No.0197 ******
010000590
060409000
084700000
100050000
308000907
000090002
000008210
000206030
042000070
****** No.0198 ******
000973000
016000002
000000004
034006008
000859000
800300610
700000000
900000850
000132000
****** No.0199 ******
000002705
000800100
306100000
000090060
629000513
040030000
000005402
002007000
908400000
****** No.0200 ******
200600000
800540000
005000190
020000570
000234000
091000040
036000800
000098002
000007004
****** No.0201 ******
002000007
000100004
086900000
045030010
090070050
030080460
000005290
100004000
300000800
****** No.0202 ******
054900000
000000701
700203000
070010400
020050080
006040090
000708009
609000000
000006320
****** No.0203 ******
600000500
300940000
700008200
050090060
000837000
040020010
009200008
000061004
002000003
****** No.0204 ******
400000050
100000086
000720000
049007300
000154000
007800640
000093000
920000004
080000001
****** No.0205 ******
001300000
040000825
706400000
000050007
400060003
900080000
000006908
872000040
000001500
****** No.0206 ******
000710090
029000000
000000840
400005019
700103006
150800003
038000000
000000150
010026000
****** No.0207 ******
090208000
000000490
706000000
480050000
900831007
000060012
000000706
035000000
000109050
****** No.0208 ******
000007500
048300020
000002300
200040007
600030004
100080009
003600000
070003180
009500000
****** No.0209 ******
000800105
000200006
807600000
092040070
010080060
040070230
000001802
200009000
305008000
****** No.0210 ******
000006050
037400020
806001000
000020904
000070000
603080000
000300801
040009760
090500000
****** No.0211 ******
000105000
000300604
709000000
850020070
010030080
040070095
000000502
304009000
000608000
****** No.0212 ******
002000904
100002000
300006000
090040210
080090030
061070050
000500006
000800002
407000500
****** No.0213 ******
002000090
000068003
400000050
009104530
006000200
021603700
030000008
600450000
070000100
****** No.0214 ******
000054000
000000820
513000000
795000006
000392000
800000491
000000748
059000000
000160000
****** No.0215 ******
000000304
000097100
015008000
430200000
000869000
000004012
000400790
004520000
608000000
****** No.0216 ******
060700000
020900000
090000430
910040005
400080002
700030041
083000050
000002060
000005070
****** No.0217 ******
000064000
300009010
700000020
000002934
009010800
258900000
060000008
040300005
000720000
****** No.0218 ******
000830000
005007020
030000190
700105900
400000006
008402003
089000050
010500700
000046000
****** No.0219 ******
000000630
400200050
900100200
000061700
308000905
002530000
009007008
030004002
051000000
****** No.0220 ******
060102000
508000000
000000037
017030000
809060403
000050870
640000000
000000201
000908060
****** No.0221 ******
000000207
060503000
041800000
980046000
000010000
000970065
000001480
000602090
307000000
****** No.0222 ******
250000900
040006000
070001305
000020084
000070000
960050000
501300090
000800050
007000026
****** No.0223 ******
100009030
005041000
002700080
318000000
000060000
000000597
040007600
000590100
070200003
****** No.0224 ******
005000040
000184060
009006070
806000000
000345000
000000102
030600800
060529000
070000600
****** No.0225 ******
308000600
009000001
000402000
090060170
010090020
046050080
000307000
600000900
002000508
****** No.0226 ******
300900000
005000470
040860000
960000000
008412300
000000058
000039010
017000600
000005002
****** No.0227 ******
008000030
000401080
406000020
000020009
700869005
300050000
050000102
020708000
090000400
****** No.0228 ******
000209000
000000103
753000000
090060007
016050320
300040080
000000576
204000000
000803000
****** No.0229 ******
050010000
090587000
000000485
300800700
700605002
002009006
846000000
000264030
000050010
****** No.0230 ******
040058000
003600000
006000721
120000000
000943000
000000086
654000100
000005900
000710030
****** No.0231 ******
000901300
000007500
480500000
000069005
920010084
300250000
000005029
007800000
001306000
****** No.0232 ******
080231000
520800000
000004006
000050940
004020300
037080000
100600000
000008072
000945080
