88
****** No.0001 ******
000000209
007603000
003008000
040090080
010402050
030080060
000100700
000805600
509000000
****** No.0002 ******
010040005
000710800
030000604
905000000
000402000
000000706
706000050
008059000
100080030
****** No.0003 ******
000750080
040000000
002006309
800600000
607000403
000009005
203800600
000000090
050017000
****** No.0004 ******
000802000
000000005
012006008
039020070
000030000
050010860
600300920
400000000
000501000
****** No.0005 ******
900000570
800003000
000502100
064000080
000845000
070000290
003609000
000200007
051000002
****** No.0006 ******
709000000
000050603
005070004
060008000
300509002
000700010
100020400
908060000
000000206
****** No.0007 ******
070000000
040908300
000003700
000060087
600050002
810040000
009400000
005207090
000000020
****** No.0008 ******
000060800
025000409
000039000
500008090
900000006
040200007
000710000
109000520
003020000
****** No.0009 ******
701000050
800600000
000009704
280070000
090030070
000060032
106500000
000004005
030000209
****** No.0010 ******
005008000
000000047
006021000
500007000
801000509
000300006
000680900
230000000
000200800
****** No.0011 ******
906000700
000018005
450000000
043000080
000402000
010000390
000000072
600580000
008000609
****** No.0012 ******
000040306
430000000
000602080
045000000
100397004
000000270
070906000
000000098
204080000
****** No.0013 ******
000001003
400908007
003000000
005087060
020000010
070140800
000000400
700509001
500700000
****** No.0014 ******
000000140
001300002
070200300
402000609
000060000
109000508
007009030
500001800
084000000
****** No.0015 ******
000000004
056300007
000280000
081000003
000907000
700000210
000073000
200004190
800000000
****** No.0016 ******
800001000
009000560
000207000
140080070
070000010
060010049
000402000
015000300
000100007
****** No.0017 ******
003400005
000000100
500900080
070096020
040000060
060530090
050007004
008000000
100005600
****** No.0018 ******
090000100
000407000
010000502
600500004
000246000
100003007
802000050
000308000
009000020
****** No.0019 ******
001970000
006004007
020100003
070000010
000891000
010000040
400009060
900300200
000026300
****** No.0020 ******
000390800
100000009
000100470
290001000
070000060
000900035
049007000
700000003
008062000
****** No.0021 ******
001300804
003000000
000140006
090070500
020000090
006010040
500037000
000000600
708005100
****** No.0022 ******
800000020
002019000
060205070
000001000
089000450
000600000
070506090
000940200
030000007
****** No.0023 ******
000000420
000306000
020900103
500000001
000843000
300000002
408009070
000705000
069000000
****** No.0024 ******
000029703
000800200
080060400
100000009
000907000
500000008
002090050
006008000
809510000
****** No.0025 ******
000600005
007020130
402000000
000800460
020000010
061003000
000000609
083070500
700001000
****** No.0026 ******
900002000
080001000
000000560
304010002
008060100
200080407
067000000
000800020
000300004
****** No.0027 ******
001000002
000650000
200010054
000003960
060000030
019800000
540070009
000039000
800000500
****** No.0028 ******
060090000
000000203
043025000
000019004
005000300
800470000
000740610
906000000
000030080
****** No.0029 ******
000000015
000390000
340000600
507100080
000703000
010008509
005000021
000084000
280000000
****** No.0030 ******
090730000
000000805
071000009
100008000
040605090
000300001
800000420
602000000
000027050
****** No.0031 ******
004083000
000000560
069050000
000000302
300401005
105000000
000090250
078000000
000760400
****** No.0032 ******
007200000
000000204
020300006
010890400
040000070
005063090
700005010
902000000
000006300
****** No.0033 ******
005000100
720000000
600402090
007080040
400000005
050030600
090206003
000000052
001000700
****** No.0034 ******
000309000
020100006
000000140
005080903
100000004
706010200
083000000
900008070
000203000
****** No.0035 ******
000060028
094000000
000039010
209000030
000506000
080000701
050670000
000000360
410080000
****** No.0036 ******
200010500
009000704
000860000
095001000
020000060
000700890
000045000
503000900
001070003
****** No.0037 ******
040080900
030007000
000000405
302700000
080346020
000005306
208000000
000100040
009050010
****** No.0038 ******
000650000
301900004
009000100
087000060
000567000
020000430
006000900
100006708
000082000
****** No.0039 ******
023500009
001000030
000061000
780000005
000478000
600000028
000820000
070000500
300006490
****** No.0040 ******
040100005
000530090
020000001
000001700
076000230
002900000
400000060
030056000
800003010
****** No.0041 ******
000067000
503000001
200000309
000902010
060000090
020806000
704000005
900000102
000730000
****** No.0042 ******
370000000
600100050
000900740
001020000
705030904
000070300
049008000
010004007
000000018
****** No.0043 ******
000890000
005000430
062000000
400301000
700000002
000608005
000000180
093000600
000057000
****** No.0044 ******
000030002
000600045
190000000
005400700
000108000
002005900
000000063
870002000
900040000
****** No.0045 ******
000200039
007000001
005300000
360007000
080050040
000900027
000001700
900000800
420006000
****** No.0046 ******
001503000
800000000
000000074
000370600
005020100
003089000
240000000
000000009
000601500
****** No.0047 ******
000000167
050007000
000409000
000070305
501080602
902030000
000102000
000700040
687000000
****** No.0048 ******
000001054
000260000
038000000
000000801
100904003
706000000
000000270
000035000
940100000
****** No.0049 ******
083004000
000000502
070010000
510000000
002903400
000000086
000020010
604000000
000500970
****** No.0050 ******
000810000
000000590
032000000
600200008
100907004
400005003
000000120
057000000
000064000
****** No.0051 ******
000080300
060001000
025000900
700000006
000235000
100000004
003000850
000900010
008070000
****** No.0052 ******
000010270
000065000
043000000
002003009
700000005
100800400
000000810
000470000
069020000
****** No.0053 ******
020900400
500000800
600720000
000090120
000634000
087010000
000081003
004000006
009005040
****** No.0054 ******
000050004
081000000
060400009
010908000
004000600
000702030
300009020
000000870
500010000
****** No.0055 ******
090000001
000260000
070008003
010000700
000543000
008000090
500800020
000091000
400000060
****** No.0056 ******
000000076
005800010
000094000
000000903
000142000
608000000
000570000
020006800
340000000
****** No.0057 ******
000000590
009860000
030004700
100000003
000287000
500000004
002300080
000091200
064000000
****** No.0058 ******
000040070
309000020
600800050
000502000
008000900
000601000
010005008
040000603
090070000
****** No.0059 ******
070040000
030800900
000000501
000706100
100000008
006302000
809000000
002001060
000050040
****** No.0060 ******
104000000
000380060
000001090
800000301
000602000
509000007
070100000
020049000
000000805
****** No.0061 ******
000800360
400050000
900000070
000600890
000382000
031009000
080000001
000040005
072006000
****** No.0062 ******
075000000
000300400
900620010
000010009
240000037
800050000
010079002
003004000
000000680
****** No.0063 ******
300000200
960000100
000041800
000000039
000758000
210000000
004930000
003000076
005000001
****** No.0064 ******
109000000
000006037
000024050
607000000
000453000
000000208
040130000
920800000
000000709
****** No.0065 ******
053000000
000000470
000680000
400001005
801904703
200700009
000023000
019000000
000000860
****** No.0066 ******
008000051
000709000
200000040
006010002
004060800
500030900
080000006
000502000
370000100
****** No.0067 ******
070000208
090040000
000006100
500001000
200905003
000800007
006200000
000090040
301000050
****** No.0068 ******
040000500
000000270
000983000
000005403
700000006
804100000
000762000
053000000
001000090
****** No.0069 ******
000005010
000004086
309000000
001090000
604000203
000020700
000000504
920700000
080600000
****** No.0070 ******
300000025
000704000
940000000
000020900
004509100
007060000
000000043
000108000
250000006
****** No.0071 ******
000902000
704006000
000000530
000030082
600000007
490010000
052000000
000500906
000804000
****** No.0072 ******
000007010
000069200
043000000
090400005
700000008
100002030
000000970
006830000
050900000
****** No.0073 ******
900004000
006000500
000007800
030050040
070060010
020030090
005800000
001000600
000200003
****** No.0074 ******
603001000
000065070
000000490
470000000
000020000
000000058
018000000
020740000
000300609
****** No.0075 ******
600000080
000321000
000000054
000008140
002000900
037400000
510000000
000679000
040000003
****** No.0076 ******
000000910
500807000
420006000
009050000
600000004
000030200
000400086
000102005
037000000
****** No.0077 ******
000430000
200007080
600000050
008000060
000192000
050000700
030000009
040700001
000056000
****** No.0078 ******
000000907
320000000
090601000
086090000
000040000
000030520
000502010
000000086
407000000
****** No.0079 ******
000040600
970001000
500000300
000309000
010000050
000207000
008000001
000500072
004060000
****** No.0080 ******
000027000
000003046
085000000
000000109
007050600
302000000
000000830
410200000
000960000
****** No.0081 ******
480000005
000700020
100900000
000010506
002060900
603040000
000008003
070005000
900000061
****** No.0082 ******
080450000
000000709
030000000
000007306
000902000
401600000
000000080
706000000
000013050
****** No.0083 ******
000000803
090004000
020006000
000072006
400000005
800910000
000200070
000800090
503000000
****** No.0084 ******
000800670
090000800
000230000
000700024
500000009
310008000
000045000
006000010
082009000
****** No.0085 ******
500000000
900807000
000200406
000070030
020050090
040010000
803009000
000406005
000000002
****** No.0086 ******
408000030
003600050
000100070
000025400
100000009
006430000
050009000
030004100
070000208
****** No.0087 ******
000000106
500370000
009400000
020001300
080000040
006500090
000003200
000068007
304000000
****** No.0088 ******
000108000
900000700
005004600
070040030
010050020
060090080
002400500
006000004
000703000
