24
****** No.0001 ******
050007800
370000600
000009000
000012030
700000008
080750000
000400000
009000026
004500090
****** No.0002 ******
079005000
000408020
000000400
002060005
801000609
500010200
003000000
080704000
000600810
****** No.0003 ******
028050000
000006120
007000000
000600007
250309084
600002000
000000900
046800000
000040830
****** No.0004 ******
300060000
000800090
210000000
005701020
002000300
090405700
000000061
050009000
000010002
****** No.0005 ******
850000000
000300405
060700900
020040006
010000070
900060080
002004050
307008000
000000097
****** No.0006 ******
008000000
200670000
009005201
060000030
000283000
050000040
401900700
000064009
000000100
****** No.0007 ******
070000801
000056000
030000060
000700603
700809002
309004000
080000020
000680000
902000010
****** No.0008 ******
004000020
000057000
830000000
005080407
007105200
908020500
000000083
000340000
020000100
****** No.0009 ******
000920000
008000400
090800030
000000059
905603807
210000000
030007010
006000300
000048000
****** No.0010 ******
000000260
047008000
002070005
000000034
009602700
530000000
100090500
000300690
023000000
****** No.0011 ******
000000503
071004000
003006000
200080000
040000070
000090001
000500600
000300240
809000000
****** No.0012 ******
401000000
060050000
000700290
000000064
004203700
850000000
073009000
000060050
000000801
****** No.0013 ******
000070500
130000000
000003408
800104000
020000030
000905007
905300000
000000026
007080000
****** No.0014 ******
060000003
000079000
018000050
005000004
000186000
200000700
070000960
000230000
400000080
****** No.0015 ******
000000605
040025000
030090000
706000000
900508007
000000102
000030040
000670090
201000000
****** No.0016 ******
070100000
002500000
000900083
010000206
800030009
504000010
190008000
000006400
000007050
****** No.0017 ******
070000604
000039002
050006000
000000709
000418000
206000000
000300080
100250000
304000010
****** No.0018 ******
004000007
001000008
000352000
000730040
060000050
020089000
000418000
300000600
900000200
****** No.0019 ******
000096000
304000020
000000710
007000046
000208000
950000200
076000000
020000508
000310000
****** No.0020 ******
000390000
600500000
400000280
000000740
000010000
053000000
018000005
000002009
000067000
****** No.0021 ******
700000080
000390000
600000940
000402060
001000200
080507000
094000003
000026000
050000007
****** No.0022 ******
900070000
080000050
100600080
700108000
002000900
000304006
030001004
050000030
000060002
****** No.0023 ******
090500000
070006203
000800001
000020400
006090700
008060000
200001000
401900060
000003050
****** No.0024 ******
500000040
100830000
000200070
000000960
007010500
083000000
040005000
000076003
090000002
