345
****** No.0001 ******
000010080
604000030
050403010
001900200
009000500
003008100
080109020
040000907
030050000
****** No.0002 ******
700000042
300000800
004107000
000030409
009080700
208050000
000902500
007000008
920000003
****** No.0003 ******
000000041
000187000
960003000
000600302
007030900
304002000
000800029
000396000
150000000
****** No.0004 ******
000000209
010200007
060500400
002040800
400090001
001050600
008007020
900005070
304000000
****** No.0005 ******
010900000
600401205
080500000
204000600
000010000
006000709
000007080
308609002
000008040
****** No.0006 ******
802000070
900002050
060104000
000040100
607000904
008060000
000205090
020900003
080000702
****** No.0007 ******
005700008
000008023
003009060
001000080
500302007
080000500
050100300
910400000
600005900
****** No.0008 ******
100000009
007102000
030000802
004060000
350070061
000050300
205000070
000304900
900000008
****** No.0009 ******
020000601
000801000
097000000
010030985
000040000
382090040
000000230
000906000
705000060
****** No.0010 ******
000000045
000068300
420000009
003200000
800975003
000004700
200000091
004790000
910000000
****** No.0011 ******
080000075
000304060
701000000
000506032
000040000
170803000
000000803
030907000
250000090
****** No.0012 ******
061009000
000000250
305708000
000080001
703000508
900030000
000601803
046000000
000200410
****** No.0013 ******
000460500
050009007
001000009
007804060
020000030
040603100
600000400
700500020
004032000
****** No.0014 ******
000000205
002007000
708003060
003069010
070000090
060140800
020500904
000800700
904000000
****** No.0015 ******
030200100
000401009
040000700
500060800
600040002
009080004
006000050
400803000
002006090
****** No.0016 ******
000260000
748000006
000048030
201000503
000050000
504000201
070680000
400000198
000094000
****** No.0017 ******
063000000
000000671
900650000
800205000
057000410
000708006
000072005
315000000
000000840
****** No.0018 ******
000001400
301000007
000405600
650000070
000728000
070000032
009302000
400000905
006800000
****** No.0019 ******
400207000
200900005
300000040
509080100
000060000
001090803
030000001
600009007
000304002
****** No.0020 ******
004800076
000057000
203000000
000000490
300978002
051000000
000000605
000540000
480002900
****** No.0021 ******
602000037
000076000
805000020
000005900
006308500
001600000
010000805
000540000
250000304
****** No.0022 ******
007009002
000300000
032000701
000060080
096010430
010090000
609000870
000005000
400200900
****** No.0023 ******
000809000
460000000
000020301
004050070
705030409
030040600
208070000
000000047
000501000
****** No.0024 ******
208400000
000000730
005200000
100080070
039070180
020010005
000006300
013000000
000009408
****** No.0025 ******
002094000
100003050
430200000
000006100
809000603
001700000
000007012
050400008
000580700
****** No.0026 ******
000500000
120008004
000600091
040070600
508000302
006080050
910002000
400700038
000009000
****** No.0027 ******
000708000
001000005
400500301
090080100
020090030
005040020
702009004
800000500
000802000
****** No.0028 ******
000069000
905000004
007005020
590000000
020657080
000000063
070800300
200000608
000490000
****** No.0029 ******
520000001
000491000
000000600
013008052
000207000
640900780
007000000
000863000
300000045
****** No.0030 ******
790106000
400000900
005203000
100070000
079000450
000030008
000705300
008000002
000901064
****** No.0031 ******
000730000
000000205
304050070
000000068
050471020
790000000
060090502
903000000
000046000
****** No.0032 ******
000034000
600000504
050060200
000000082
060981070
140000000
003090020
702000009
000170000
****** No.0033 ******
010030600
080000104
000180000
870006020
300000009
060800075
000095000
207000040
005020030
****** No.0034 ******
200408090
000700050
070300200
010000405
006050100
502000070
001004030
080009000
040503008
****** No.0035 ******
082000070
000060000
005000463
200403000
570000019
000109002
348000200
000020000
020000730
****** No.0036 ******
002003800
500000003
000761000
310000060
000659000
060000092
000485000
400000006
008100200
****** No.0037 ******
500000300
209000750
000031000
005003010
090060080
080100600
000340000
046000508
007000009
****** No.0038 ******
203000080
000609000
070000506
010070004
080305060
600090070
105000090
000803000
020000603
****** No.0039 ******
060040001
004000900
300890000
210009040
000508000
080300095
000062003
006000400
900030050
****** No.0040 ******
000706400
096000000
300502060
004060007
200010004
100020900
050204008
000000530
008601000
****** No.0041 ******
000067001
305000000
000000602
010200090
080945020
090003080
108000000
000000405
200370000
****** No.0042 ******
000952000
090000680
040010000
500009070
900708005
060400002
000080010
028000060
000697000
****** No.0043 ******
000032000
560900070
100060003
001000500
900604002
005000900
300070009
040008056
000490000
****** No.0044 ******
000200309
027000000
000310000
015000482
000020000
273000150
000048000
000000510
409002000
****** No.0045 ******
000526000
090000700
208040000
710000350
000060000
059000068
000070603
002000090
000613000
****** No.0046 ******
082007000
000300007
070900006
029000500
003040100
007000690
700005030
100002000
000800450
****** No.0047 ******
000906020
500100003
008000160
370000000
020090010
000000049
081000200
700005001
050603000
****** No.0048 ******
000002500
890700006
000500100
078090305
600000002
302080690
001005000
500001038
007600000
****** No.0049 ******
003010000
096000100
000007032
130206005
009000600
600904017
570400000
004000760
000070500
****** No.0050 ******
500001000
002006000
000000407
670030050
040090080
080020019
903000000
000800600
000500002
****** No.0051 ******
800003000
100090400
000400750
010000090
000642000
050000080
092004000
007050006
000800003
****** No.0052 ******
090002600
030400000
000100800
200080003
501000907
600090004
007005000
000006020
004900010
****** No.0053 ******
000400036
000570000
080000002
009300050
002080700
040001800
300000040
000096000
510004000
****** No.0054 ******
400100700
000903000
200000500
510040000
070060090
000080023
003000001
000507000
006002008
****** No.0055 ******
715000000
000920010
000000407
920400000
000706000
000005083
408000000
060013000
000000652
****** No.0056 ******
000000906
314000000
000507000
049010000
060020090
000090580
000306000
000000241
807000000
****** No.0057 ******
000802060
900000030
500000070
003040000
008359100
000010200
010000008
020000004
070906000
****** No.0058 ******
047000000
000109000
060000230
600040009
900702001
300080005
058000010
000203000
000000670
****** No.0059 ******
000000053
000092004
067000000
008030709
000801000
405070300
000000820
900640000
130000000
****** No.0060 ******
000300502
810000000
000960700
003000050
000274000
090000600
006035000
000000081
407008000
****** No.0061 ******
000000964
073009000
000008000
200090405
000060000
405080001
000200000
000900730
561000000
****** No.0062 ******
057006000
003000051
000082000
960000000
000457000
000000032
000960000
410000700
000300860
****** No.0063 ******
000062030
014000700
000090500
000340009
200000008
500027000
009070000
007000340
060180000
****** No.0064 ******
009450000
000000029
003000008
085030000
004207800
000040160
200000300
470000000
000016500
****** No.0065 ******
000006590
030008000
074000000
900600002
000537000
100009004
000000360
000100040
082900000
****** No.0066 ******
000074060
000000502
109000000
001306070
020000030
050801900
000000809
604000000
070230000
****** No.0067 ******
310000006
000036200
000007500
000000067
000582000
940000000
002100000
008490000
600000039
****** No.0068 ******
020700000
000000063
000400901
806090000
005010400
000030708
307008000
910000000
000002050
****** No.0069 ******
070000400
098500000
000800300
100000902
000936000
609000008
002007000
000004610
005000090
****** No.0070 ******
107080000
600000020
000530800
029000001
000107000
700000480
002069000
080000004
000020305
****** No.0071 ******
083700000
500200000
000000694
000040003
710000082
900050000
652000000
000009006
000008710
****** No.0072 ******
309000800
000029000
100070500
400000370
000804000
065000004
004050002
000710000
006000709
****** No.0073 ******
006904000
002003000
000000018
800050000
410080039
000070002
530000000
000100900
000602400
****** No.0074 ******
006000090
005003080
000740020
002508000
300000007
000901200
010025000
090400300
070000400
****** No.0075 ******
000072000
000000309
006005000
090060081
040010070
170030020
000600500
301000000
000480000
****** No.0076 ******
068000000
000500030
040200070
102030000
400090008
000060205
020004050
070001000
000000690
****** No.0077 ******
912000000
000000065
000340000
704200080
008000100
020005907
000061000
570000000
000000823
****** No.0078 ******
200930000
061000000
000800052
308000000
000547000
000000106
970006000
000000840
000052003
****** No.0079 ******
000017006
480000000
060090205
051000000
000206000
000000930
309070040
000000067
200480000
****** No.0080 ******
000042000
005000070
308000050
106300000
000815000
000007409
090000208
030000100
000760000
****** No.0081 ******
240360000
058000000
000000207
000504900
300000008
002901000
601000000
000000390
000072046
****** No.0082 ******
000400093
720300000
100000080
000070100
005060200
003090000
090000006
000008075
540002000
****** No.0083 ******
000603070
000000050
908000000
000050841
002040900
541030000
000000403
070000000
060102000
****** No.0084 ******
000140000
060020900
050000708
000203004
700000006
200809000
908000020
001080030
000057000
****** No.0085 ******
620000000
000100300
000409800
010070009
300080005
500060020
004305000
009008000
000000017
****** No.0086 ******
030000050
000418000
800000076
000002804
006000300
409700000
950000001
000396000
040000020
****** No.0087 ******
405000000
000160090
000000083
000700160
000925000
087003000
930000000
060084000
000000702
****** No.0088 ******
000206000
910000060
000000708
087030000
006090100
000010450
602000000
050000031
000405000
****** No.0089 ******
423900000
000031000
700000800
058000000
000426000
000000930
009000002
000750000
000003416
****** No.0090 ******
700380000
001002090
065000000
800460000
200000001
000059007
000000640
030900200
000075003
****** No.0091 ******
020001000
040680000
030000506
005907000
600000003
000102700
309000020
000046080
000700010
****** No.0092 ******
004000001
070200005
000486000
048000000
000521000
000000370
000139000
200004060
500000800
****** No.0093 ******
500000060
600700080
490300000
000680400
009000200
001054000
000006075
020001008
030000009
****** No.0094 ******
080000600
010502900
000100300
000070002
903000805
400060000
002003000
005804090
007000010
****** No.0095 ******
063100008
010900004
000700005
000000260
000050000
098000000
700008000
200004090
400006130
****** No.0096 ******
853000000
000100700
000409005
610000000
040050070
000000032
100702000
009003000
000000846
****** No.0097 ******
506000000
000009040
000087020
010040006
309000407
600020080
080670000
090100000
000000503
****** No.0098 ******
108000000
000500090
000028076
300905000
004000800
000306009
950870000
060003000
000000402
****** No.0099 ******
000020094
703000000
040680500
000000210
000304000
056000000
007019040
000000705
820040000
****** No.0100 ******
090001000
000000207
050003080
007080009
006040100
300020400
020600030
408000000
000900050
****** No.0101 ******
002040050
009000080
000213000
000700002
307000409
100006000
000958000
040000300
070020600
****** No.0102 ******
040100060
903000000
000700050
408030000
005090400
000020105
070004000
000000208
010006030
****** No.0103 ******
400000000
000000271
070903000
800020300
005406900
006080004
000507020
318000000
000000006
****** No.0104 ******
900000600
700002000
003004807
030060000
020701050
000080010
608900500
000500003
001000004
****** No.0105 ******
050000300
000294000
000080160
800000007
000531000
400000009
039020000
000756000
002000080
****** No.0106 ******
000700200
500000900
600130000
430000080
000495000
020000074
000028003
007000006
004001000
****** No.0107 ******
000000430
000910000
260000700
701000090
000834000
030000205
003000016
000052000
098000000
****** No.0108 ******
005000020
006000840
000710000
100208050
600000007
050304009
000095000
024000500
030000600
****** No.0109 ******
400790000
200000080
005300060
000000501
003040200
708000000
090005600
060000003
000021004
****** No.0110 ******
005136000
020000100
049000000
800950000
500000006
000012007
000000580
001000030
000479600
****** No.0111 ******
020000104
000063000
580000000
031000000
800425007
000000690
000000052
000780000
904000030
****** No.0112 ******
916000000
000070040
000200050
803000000
001539700
000000601
020001000
070040000
000000398
****** No.0113 ******
000000963
046000000
000701000
300020010
900050007
050040008
000806000
000000520
791000000
****** No.0114 ******
000600900
000000310
052700000
000030002
907020408
400050000
000001560
078000000
003004000
****** No.0115 ******
006000004
009800000
000710005
028007000
010050070
000900830
300046000
000009100
800000200
****** No.0116 ******
000030000
569000010
000007408
021000000
070908040
000000360
907200000
040000651
000040000
****** No.0117 ******
001000806
970000500
000023000
000200065
000409000
320008000
000760000
005000014
408000900
****** No.0118 ******
000900084
000021000
090000003
004803007
006000900
300507200
800000050
000630000
170009000
****** No.0119 ******
000120000
800000760
005000090
700000052
000968000
410000003
060000100
034000005
000074000
****** No.0120 ******
050008004
003000009
002006000
010090070
080020050
040030020
000200800
600000100
700500090
****** No.0121 ******
907005000
100000608
000001000
000030090
043080250
010060000
000200000
308000009
000400107
****** No.0122 ******
000105090
000000034
709000000
006030100
000647000
008020900
000000605
320000000
010708000
****** No.0123 ******
013005000
000000054
008290000
609000000
000743000
000000801
000068300
570000000
000500920
****** No.0124 ******
000000201
030009040
080005000
001040003
002010600
900070800
000800050
020300090
704000000
****** No.0125 ******
000702000
090000006
350000008
004010000
106030207
000080500
700000034
800000010
000609000
****** No.0126 ******
000502000
007300009
006000001
000030082
005060300
240070000
300000400
800003200
000109000
****** No.0127 ******
040007060
000006500
000000908
500090100
300010006
006080002
108000000
002300000
090400070
****** No.0128 ******
000108000
290000000
000000073
005090810
006205400
047030200
180000000
000000095
000406000
****** No.0129 ******
600000200
000410000
700008900
039000070
000529000
080000560
005900004
000063000
002000001
****** No.0130 ******
400003000
000002500
000041806
030000020
700060004
080000090
605430000
009700000
000800001
****** No.0131 ******
800500100
000040200
390000000
600857000
050000090
000196008
000000053
004020000
007009006
****** No.0132 ******
000000403
007150000
096000010
000403007
020000090
100807000
010000260
000015900
805000000
****** No.0133 ******
003000007
005002906
001940000
070000080
000105000
090000020
000076400
207400100
800000300
****** No.0134 ******
103000000
000000892
000605000
000020060
540080013
090070000
000309000
867000000
000000504
****** No.0135 ******
063800000
000050900
000000841
000608500
200000007
009304000
715000000
008090000
000001620
****** No.0136 ******
063000000
004207000
000000081
000086500
700090003
002140000
890000000
000305200
000000640
****** No.0137 ******
000000042
076300000
100090008
002500000
003704100
000006700
900080005
000001960
450000000
****** No.0138 ******
807200000
100000060
002930000
000000240
000571000
069000000
000048100
030000005
000002907
****** No.0139 ******
000500804
950006000
000020700
071000000
000389000
000000650
006070000
000100023
804005000
****** No.0140 ******
605000300
000000481
000309000
200076000
080000050
000910003
000402000
137000000
004000609
****** No.0141 ******
020000304
090000600
000458000
000370001
300000005
800092000
000136000
005000020
607000040
****** No.0142 ******
000800403
061000000
000007002
005090081
030060050
140030600
800500000
000000910
207004000
****** No.0143 ******
102005000
006000050
000790000
890040000
500601004
000050037
000032000
040000100
000500806
****** No.0144 ******
090000700
030000205
000846000
000052006
800000004
700410000
000273000
301000090
004000050
****** No.0145 ******
000700006
098200000
003004005
070040000
020090030
000050010
100400800
000003920
400006000
****** No.0146 ******
700300000
805000010
000400090
200050800
001020600
003010009
020009000
060000204
000007005
****** No.0147 ******
407300000
000005080
100000060
006070100
002080400
003090500
090000005
060200000
000001307
****** No.0148 ******
610000000
300700400
000800090
900060100
007030200
008040005
050009000
006002008
000000034
****** No.0149 ******
000905000
030200106
040000007
005080000
000629000
000010300
200000080
109002050
000407000
****** No.0150 ******
100300020
000560400
800000900
050000030
000496000
070000010
009000002
006051000
030007008
****** No.0151 ******
004000000
002000198
000571000
690000000
000237000
000000015
000496000
786000300
000000200
****** No.0152 ******
000000836
026000000
000015000
800704090
900000001
040103002
000960000
000000750
314000000
****** No.0153 ******
300001000
200007000
680000940
006050000
040090010
000080300
015000038
000600007
000300002
****** No.0154 ******
170000000
000000609
000850200
036007000
000294000
000600870
009016000
502000000
000000034
****** No.0155 ******
052000000
000106000
080000970
400050003
000427000
600080007
037000050
000904000
000000180
****** No.0156 ******
000694000
370100050
000000020
708000000
004050300
000000601
010000000
020001049
000738000
****** No.0157 ******
006000050
000097000
001000034
300002000
805030201
000400009
620000800
000650000
040000700
****** No.0158 ******
027003000
000000058
500096000
801000000
009040700
000000306
000520003
730000000
000100490
****** No.0159 ******
004000007
018000005
000126000
060000010
000487000
090000030
000259000
700000680
300000200
****** No.0160 ******
000590000
021000040
080000700
500000089
000687000
360000004
004000020
050000860
000031000
****** No.0161 ******
381000000
000900005
000073002
000000380
000562000
046000000
700630000
900001000
000000649
****** No.0162 ******
000010508
310600000
790400000
000000390
000080000
021000000
000005021
000003067
604070000
****** No.0163 ******
050000009
860700000
000400002
070050600
002080100
003090050
100008000
000002035
700000040
****** No.0164 ******
000000400
000052800
703090000
020906004
080000010
600103070
000060502
009410000
006000000
****** No.0165 ******
009610000
007003040
002000015
000000091
000304000
580000000
670000300
040500800
000027100
****** No.0166 ******
070000508
300000000
800641000
000090810
080000060
024070000
000253001
000000004
907000030
****** No.0167 ******
003567000
001000030
406000000
800091000
700000004
000720006
000000102
050000900
000348700
****** No.0168 ******
604500007
800000900
000230000
020000070
000894000
050000010
000051000
007000003
200003806
****** No.0169 ******
380020000
000079000
020000065
005000402
000102000
209000800
670000020
000430000
000050017
****** No.0170 ******
010007000
060000002
000500038
005010600
002030700
008090400
320004000
700000050
000800090
****** No.0171 ******
000069008
800000500
130000020
007105000
009000300
000402600
020000045
008000007
400810000
****** No.0172 ******
000008007
009000006
004001020
005090040
060020010
030050600
010600300
200000500
800700000
****** No.0173 ******
600083700
000001800
590000000
803070000
020000090
000060304
000000026
001500000
007430001
****** No.0174 ******
076009005
040000900
000310070
900506000
300000004
000804002
090027000
005000060
400900180
****** No.0175 ******
001000030
003045000
098200000
700000002
000816000
500000004
000007610
000930800
020000700
****** No.0176 ******
400000170
600700000
000289000
095000000
000613000
000000480
000364000
000007002
087000005
****** No.0177 ******
000040005
080100007
390006000
002000400
000329000
001000800
000700012
600001030
400050000
****** No.0178 ******
030040000
052009000
000002901
000908300
100000006
004705000
706200000
000500820
000030040
****** No.0179 ******
000004060
001000820
008005030
200030000
500080009
000070004
070900100
042000700
030600000
****** No.0180 ******
003000005
007600000
002900004
006040070
010050020
080030500
900008600
000002300
400000100
****** No.0181 ******
530000000
080000046
900017000
002903000
008000500
000804700
000680009
710000080
000000023
****** No.0182 ******
000059000
601000000
300040870
000000194
000307000
825000000
074080005
000000203
000610000
****** No.0183 ******
300000500
480006000
006070900
560003000
000802000
000500014
007090100
000100063
002000008
****** No.0184 ******
000000068
050810009
000047000
108002000
006000300
000900407
000530000
200096010
790000000
****** No.0185 ******
200000605
080000900
000714000
000000013
000972000
450000000
000359000
006000020
107000008
****** No.0186 ******
008000020
007001030
000950004
460000000
000287000
000000015
900043000
020500600
010000700
****** No.0187 ******
800100400
600000500
900700000
180030000
004050100
000060024
000009007
002000003
001008005
****** No.0188 ******
000400083
702500000
006000000
000030095
090010070
870040000
000000200
000008607
410007000
****** No.0189 ******
007250000
006000003
000009407
000320050
020000010
080094000
301500000
600000900
000087600
****** No.0190 ******
000004501
386000000
000007000
240030000
070060020
000090083
000200000
000000469
501800000
****** No.0191 ******
945000000
000060800
000007200
830600000
100502008
000004071
001900000
006080000
000000354
****** No.0192 ******
020400000
800050700
000300600
560010000
700080002
000090034
003006000
001030008
000005090
****** No.0193 ******
080900003
000000276
030500000
201003000
000070000
000800405
000002090
946000000
500001030
****** No.0194 ******
408000000
600700000
001300900
050010003
020080070
100040060
003009600
000002008
000000501
****** No.0195 ******
000086000
032000900
000000510
600001002
050304070
700500009
041000000
005000780
000950000
****** No.0196 ******
036004000
000060083
001005000
000030006
704000201
900020000
000900700
250040000
000800490
****** No.0197 ******
012000000
000003010
000009780
000100036
700020001
830004000
054600000
070500000
000000390
****** No.0198 ******
000000045
000082300
069070000
000000802
000761000
503000000
000040610
008930000
470000000
****** No.0199 ******
042000009
000000508
000063000
083105000
010000040
000907120
000210000
709000000
400000360
****** No.0200 ******
309002000
000005080
007000010
600030000
508010209
000080004
020000600
010700000
000400305
****** No.0201 ******
402000001
000009600
000003807
000060010
070402050
080030000
901700000
006500000
700000402
****** No.0202 ******
000630000
009020014
002500000
000000072
040010050
680000000
000007900
510060800
000043000
****** No.0203 ******
009000060
002700000
004300010
503040000
070080020
000060103
060001700
000002900
080000400
****** No.0204 ******
000200070
105900000
400007030
003040000
009050800
000070600
060400001
000008905
020003000
****** No.0205 ******
060009000
007000302
510040000
000708010
003000500
080906000
000010089
405000100
000200070
****** No.0206 ******
000130700
000200095
704000000
000000120
060090030
085000000
000000604
390008000
001057000
****** No.0207 ******
000020750
200300000
900600100
300000080
000712000
040000009
001009004
000008003
065040000
****** No.0208 ******
000060400
950000700
000200100
700593000
020000090
000827005
003001000
009000028
006040000
****** No.0209 ******
340500000
000030820
000001000
702090000
108000705
000060302
000700000
059010000
000002014
****** No.0210 ******
000007030
908000600
040052000
000000015
000496000
720000000
000640020
005000408
010300000
****** No.0211 ******
100000700
300065000
000000490
000194800
090000050
001852000
087000000
000430006
005000002
****** No.0212 ******
007102000
000000040
053000060
000080907
900060003
502030000
040000230
080000000
000509100
****** No.0213 ******
000743000
201000800
000000500
000008042
090060070
630100000
006000000
005000103
000492000
****** No.0214 ******
007000060
105000000
400932000
000000094
000583000
260000000
000461009
000000705
030000800
****** No.0215 ******
000310002
048000000
100060005
017000600
000209000
009000840
600050008
000000710
300048000
****** No.0216 ******
070004003
000600005
080910000
006000100
000352000
004000800
000047020
900006000
300800060
****** No.0217 ******
007000080
504000000
000091020
000208700
300907005
005106000
080370000
000000106
090000400
****** No.0218 ******
840000001
060000005
000107000
500080900
002040600
007030008
000205000
900000040
600000013
****** No.0219 ******
009560000
000002870
240000000
306000000
000847000
000000901
000000023
085200000
000091400
****** No.0220 ******
009000003
000200017
001850000
900100050
060000080
040003006
000067900
290008000
800000400
****** No.0221 ******
003000010
109700000
000400060
701020009
000080000
400030205
080006000
000005307
020000400
****** No.0222 ******
020007000
040020800
000005009
000030406
005060100
609080000
700100000
008090060
000200030
****** No.0223 ******
200000050
000016000
340000006
008300700
100405008
006008900
500000032
000780000
090000004
****** No.0224 ******
823000000
000007100
000005090
601030000
750000038
000090504
080200000
004100000
000000965
****** No.0225 ******
000305000
140000000
000000602
020040106
008060300
609070050
503000000
000000079
000208000
****** No.0226 ******
000000607
254007000
000038000
030000080
000296000
010000050
000450000
000800231
907000000
****** No.0227 ******
403000700
005000009
000807000
000030010
060541080
020090000
000106000
700000200
001000504
****** No.0228 ******
230000900
000065000
000004100
002000057
500020008
940000200
006900000
000810000
007000043
****** No.0229 ******
000908000
300002060
420000000
001090080
005030700
090040200
000000015
080500009
000607000
****** No.0230 ******
006000002
007005000
000001809
000060040
730080056
010020000
205900000
000700100
400000300
****** No.0231 ******
260003000
010004970
000080000
000000402
000176000
508000000
000040000
097800010
000200035
****** No.0232 ******
305000000
000102008
004000006
290030000
010908020
000040079
700000300
600805000
000000901
****** No.0233 ******
762000008
000000041
000805000
000070900
005409300
001020000
000903000
420000000
300000786
****** No.0234 ******
000400080
002000030
309001000
407080000
100050007
000060109
000700504
080000600
030002000
****** No.0235 ******
060030000
000740800
008600910
800000405
000109000
203000006
057006200
004082000
000090030
****** No.0236 ******
000625000
700010300
940000000
063000000
000971000
000000840
000000071
002090005
000867000
****** No.0237 ******
000430000
940000050
010000027
001000900
000852000
003000600
650000030
080000094
000071000
****** No.0238 ******
000000840
000309000
057000000
600040007
300958001
900020008
000000590
000601000
082000000
****** No.0239 ******
000150020
064002000
090000300
007900005
300000004
800007100
002000030
000700910
070086000
****** No.0240 ******
000008007
520000000
000001064
090070200
001040900
003060010
670900000
000000038
400500000
****** No.0241 ******
302000000
800000507
000908000
080079060
010000030
090340020
000501000
607000003
000000904
****** No.0242 ******
000000043
070500000
005600001
600090800
003020700
001030006
800004300
000007050
920000000
****** No.0243 ******
290000000
000003056
000108007
000000130
004070200
015000000
100205000
360900000
000000048
****** No.0244 ******
040000900
000580020
320000600
000800407
000302000
901005000
007000032
030016000
008000050
****** No.0245 ******
009007020
200006008
003000006
000390010
020070040
070058000
400000500
600800003
030100200
****** No.0246 ******
000004150
070006000
092000000
100370000
800409003
000025009
000000740
000500020
063800000
****** No.0247 ******
000800475
000520000
038000000
050001006
900000008
400700020
000000250
000093000
216008000
****** No.0248 ******
000700090
306000020
000200710
204000000
000159000
000000803
097006000
030000405
010008000
****** No.0249 ******
000000502
000170000
806000000
740010080
050237090
010090065
000000407
000089000
302000000
****** No.0250 ******
004000638
102000000
000970000
000000097
000316000
580000000
000058000
000000401
963000200
****** No.0251 ******
000420080
000000109
830000000
095200000
200108004
000007620
000000075
401000000
080036000
****** No.0252 ******
000000026
038000000
000059007
006401000
004080900
000207300
200340000
000000580
710000000
****** No.0253 ******
006000030
001003090
000708400
000030012
000090000
570040000
007106000
020900800
040000700
****** No.0254 ******
001007308
090010000
040000200
600400000
005803900
000005007
008000050
000090010
302600700
****** No.0255 ******
095000007
000000602
000910000
020685000
030000010
000134080
000073000
804000000
600000950
****** No.0256 ******
430000709
000870000
010040006
002000070
000405000
060000300
500090080
000061000
906000024
****** No.0257 ******
000000098
700040000
000026700
003200670
000905000
014007200
002430000
000070001
580000000
****** No.0258 ******
000092000
109000708
050000004
016000000
000873000
000000950
700000010
302000405
000460000
****** No.0259 ******
073000040
006000010
000957000
500204000
100000006
000708009
000431000
020000700
090000830
****** No.0260 ******
000706000
000900403
209000000
060010009
050040080
300090020
000000607
801009000
000305000
****** No.0261 ******
000780009
000400003
065100000
070000060
000214000
080000020
000001450
200007000
100039000
****** No.0262 ******
000069080
045000000
000004072
801000000
000237000
000000406
320800000
000000190
060450000
****** No.0263 ******
009000002
006503000
000100048
520080000
000070000
000010039
470001000
000206500
300000100
****** No.0264 ******
901005400
800000003
000670000
060000070
000524000
030000010
000081000
400000009
005300602
****** No.0265 ******
000003104
000052000
098000300
210000000
400607005
000000093
001000780
000130000
604500000
****** No.0266 ******
907000502
000006300
200001000
000075060
010000080
040930000
000200009
008400000
405000107
****** No.0267 ******
000003120
930005000
600080000
000502060
001000400
080709000
000060008
000900053
074300000
****** No.0268 ******
000000206
700450000
001000008
060905000
030010050
000708010
800000700
000023001
409000000
****** No.0269 ******
020000803
000700001
609500000
080010000
430000025
000040060
000003407
800009000
205000030
****** No.0270 ******
086000000
000700204
090530000
000000038
200401005
970000000
000069020
105004000
000000470
****** No.0271 ******
703000000
000005080
000001096
180060000
500020004
000040057
340900000
020800000
000000603
****** No.0272 ******
700000060
000201080
500003000
000040308
006070100
402090000
000500009
010807000
040000002
****** No.0273 ******
004000720
600001000
800024000
000080300
067000540
009060000
000230004
000900001
035000600
****** No.0274 ******
500719000
000000830
200600000
007506000
006000900
000308400
000005007
049000000
000962001
****** No.0275 ******
900000050
000018000
500007032
007000600
000952000
001000400
320800006
000460000
080000007
****** No.0276 ******
600000710
730200000
000490000
005000300
000672000
009000800
000038000
000005032
041000005
****** No.0277 ******
090000080
000025009
000000047
000001208
006807300
807400000
540000000
300680000
010000090
****** No.0278 ******
000094000
075000000
006300800
900050007
000863000
200040001
003008400
000000620
000510000
****** No.0279 ******
089000000
000000143
000260000
340000006
000954000
200000017
000031000
467000000
000000850
****** No.0280 ******
000003000
106000000
000500208
040010060
037060150
090020070
705009000
000000409
000800000
****** No.0281 ******
830000200
090007000
000035400
000000308
040010070
206000000
005240000
000900010
007000064
****** No.0282 ******
005000004
000819000
607000000
010050000
532000981
000020070
000000102
000476000
900000300
****** No.0283 ******
945000000
000020000
000400107
010308000
060207040
000905020
208004000
000070000
000000396
****** No.0284 ******
060000200
000000980
000305000
800010026
300040007
790080005
000907000
052000000
004000010
****** No.0285 ******
700000041
000300060
900200700
001050800
003000900
002040300
009001005
080006000
450000007
****** No.0286 ******
000071090
002000030
004006000
100700008
000524000
300009006
000100200
080000500
070390000
****** No.0287 ******
049006000
000000260
000350000
500000804
300807009
208000001
000019000
076000000
000400380
****** No.0288 ******
000000600
513700000
000049200
000000075
000238000
640000000
006170000
000005498
002000000
****** No.0289 ******
264000000
000003001
080095000
000000980
000641000
057000000
000820050
300500000
000000746
****** No.0290 ******
007062000
050000000
010300407
000000351
000040000
679000000
802006090
000000060
000130800
****** No.0291 ******
000030019
000570400
026000000
804000002
000201000
500000603
000000580
005043000
790060000
****** No.0292 ******
095000000
000032008
000001460
800020009
000714000
600090003
027100000
300680000
000000150
****** No.0293 ******
100700800
700060000
000000350
000000720
070859040
064000000
038000000
000020001
005004009
****** No.0294 ******
000908006
010000700
040000500
000050209
600127008
702030000
003000020
009000040
800601000
****** No.0295 ******
000604000
000002800
915000000
004050008
720000049
800030200
000000327
006300000
000108000
****** No.0296 ******
400009000
000002050
180000040
900010400
007080900
003060002
070000036
020500000
000700008
****** No.0297 ******
000000402
971040000
000085000
080000060
000974000
030000010
000130000
000060758
602000000
****** No.0298 ******
000200004
000180000
753000000
020000960
009030500
048000010
000000371
000096000
200005000
****** No.0299 ******
000017003
590000000
000000084
003059000
802000609
000840100
640000000
000000027
100530000
****** No.0300 ******
000000036
580000007
000501000
001070004
004080900
700030200
000904000
300000058
260000000
****** No.0301 ******
000000035
004200000
967100000
300890000
050000010
000067002
000008456
000003700
810000000
****** No.0302 ******
000000160
302000050
000708000
000810025
800000003
690042000
000605000
030000908
047000000
****** No.0303 ******
004002907
600000100
000380000
080401000
070000030
000509020
000026000
009000004
501800700
****** No.0304 ******
000500090
740000010
000600020
000080601
005070400
103020000
090003000
020000048
010004000
****** No.0305 ******
010005700
000043000
000000609
000000184
400090007
572000000
308000000
000760000
009100020
****** No.0306 ******
970000000
000004036
200050100
004102000
007000500
000805900
002060007
810300000
000000014
****** No.0307 ******
069000200
000400008
000500091
000000932
000010000
547000000
170002000
300008000
008000740
****** No.0308 ******
500006200
000874000
600000100
000005040
290000065
080300000
003000008
000912000
004600007
****** No.0309 ******
000004003
906000000
000008107
650090000
030070040
000010025
804600000
000000501
700200000
****** No.0310 ******
104000006
000008007
000025000
000090020
086070430
050060000
000250000
900300000
700000104
****** No.0311 ******
000009500
740000000
000016300
000020076
800070009
170030000
005160000
000000024
009800000
****** No.0312 ******
008000030
000507010
604009000
000060708
000010000
302090000
000900204
050308000
090000600
****** No.0313 ******
000000521
000034000
602007000
298000000
000050000
000000764
000400203
000980000
714000000
****** No.0314 ******
000006500
000790100
734000000
060801000
080000030
000405020
000000476
009084000
002100000
****** No.0315 ******
001040000
000000025
009300060
060958000
500000003
000637080
080005700
320000000
000010400
****** No.0316 ******
004003000
000006050
801000090
040000708
000491000
203000040
090000402
060500000
000700300
****** No.0317 ******
870000000
000092500
000004300
140000003
020060080
300000079
009300000
006580000
000000021
****** No.0318 ******
000007850
701400000
300020000
050309000
600000004
000508020
000010009
000004706
094700000
****** No.0319 ******
070100000
050603000
000007209
000070305
002000400
509080000
304700000
000405060
000009010
****** No.0320 ******
060200000
100000695
040100000
305090000
001000700
000060803
000004030
893000007
000007020
****** No.0321 ******
780300000
000000412
000090000
030605001
004000900
600903080
000070000
162000000
000008053
****** No.0322 ******
000002090
100000030
000605070
506020000
008030100
000090406
040701000
030000008
020400000
****** No.0323 ******
061000009
000315000
070000008
000000670
000974000
028000000
100000050
000623000
300000240
****** No.0324 ******
086000000
000071000
000060250
300000009
600245001
400000007
019020000
000680000
000000340
****** No.0325 ******
000010500
030900607
020000400
000708090
900000003
060402000
004000070
206003080
001050000
****** No.0326 ******
395000006
000070000
000600108
000304600
070000090
008702000
102008000
000060000
600000453
****** No.0327 ******
540000000
000700609
070002000
000090530
001030200
056080000
000100090
703005000
000000084
****** No.0328 ******
400006000
700000030
000005018
003090000
098020760
000010400
250400000
010000009
000800006
****** No.0329 ******
080000064
050000002
000093000
800600700
003802900
001004008
000210000
700000080
640000050
****** No.0330 ******
030750000
060000908
020008000
001607000
800000004
000901600
000800070
405000060
000036010
****** No.0331 ******
200000300
607000009
000504000
080010005
030020040
100060090
000709000
300000201
005000008
****** No.0332 ******
100000060
900000050
000703080
000028300
006010900
008640000
020805000
040000001
030000007
****** No.0333 ******
080005000
030091000
000006705
007000100
000462000
002000900
405600000
000380060
000500020
****** No.0334 ******
000076040
040030005
010000009
003000120
000908000
056000400
700000030
200060080
080540000
****** No.0335 ******
040000900
000007300
060058000
108000002
300060008
900000405
000130060
005400000
002000070
****** No.0336 ******
083000200
000000650
000207000
600890002
500000004
700013008
000604000
092000000
006000730
****** No.0337 ******
000529000
043000050
000000807
002000016
000304000
780000300
901000000
060000520
000867000
****** No.0338 ******
001070200
004000010
000300098
000803005
090000040
600502000
230009000
050000600
009010700
****** No.0339 ******
540020000
000000807
090001000
001059000
007040300
000280600
000600050
203000000
000010094
****** No.0340 ******
240005000
000200105
030070000
008503000
001000900
000806200
000020070
609007000
000300084
****** No.0341 ******
000794000
000008102
056000000
000600073
000050000
890001000
000000840
107800000
000326000
****** No.0342 ******
460000000
000200300
002810500
000050190
700000004
081060000
005091600
009003000
000000027
****** No.0343 ******
500000027
000000010
000978000
003700500
000461000
008002900
000253000
070000000
160000004
****** No.0344 ******
000150000
402800050
000000063
000000540
006090100
087000000
130000000
020004908
000072000
****** No.0345 ******
000000190
283000000
000405000
900060050
500030002
010080007
000201000
000000365
074000000
